0.31113620410779135871948  0.46089053010650959940619
0.13711966307565537359636  0.72170171208838163057209
0.65883358256782742490287  0.68248542741172524284110
0.88332773827326271920413  0.63490707113864564004047
0.30951872310556349798816  0.02230903042695394841721
0.59926145207068082232382  0.44663838618121892709567
0.49757377849665823665859  0.08261360515152439687458
0.06283761101107822322209  0.56978057191686759530569
0.24463637195959350711938  0.51741080965605634744975
0.65416425061799976514720  0.33722952970976899367272
0.63249610889004181935036  0.33991515854365672577586
0.05865657521286660180948  0.01733451338236640520973
0.38193914609210488642077  0.30982390820032351674840
0.73021637623218482726628  0.54982146671956544370374
0.27027191991943111393226  0.80697042756431780485826
0.89513840144047363001079  0.65849787896359146532888
0.41721854304635763721620  0.09747611926633503731665
0.37839899899288920170903  0.49769585253456222195823
0.97180089724417861862804  0.39893795587023528348425
0.03366191595202490394190  0.48762474440748315718253
0.23041474654377880337819  0.65053254799035620248304
0.05761894589068269900700  0.49571214941862240532799
0.71834467604602192380980  0.39442121646778771637543
0.97067171239356664358411  0.01980651264992217691630
0.26465651417584767912672  0.67488631855220193589417
0.54472487563707383539935  0.52970976897488331047725
0.60325937681203645190919  0.36115604113895077853513
0.45976134525589767987341  0.62282174138615065128732
0.53004547257911927005125  0.80040894802697837295824
0.96975615710928675383684  0.15097506637775812143865
0.14819788201544237260521  0.20688497573778497073960
0.35981322672200688472799  0.97399822992645035402148
0.23258156071657459795787  0.69411297952208017569831
0.47593615527817623167550  0.49607837153233436122690
0.24451429792168949406417  0.35514389477217933599462
0.10742515335551011679271  0.64250617999816883596509
0.02813806573686941300827  0.29862361522263253243992
0.50511185033722949544455  0.43107394634846035730291
0.71977904599139375108052  0.04583880123294778452525
0.81460005493331710813010  0.79625843073824276174832
0.90133365886410110601190  0.19534897915585802685712
0.70766319772942287702477  0.82113101596118043268291
0.52909939878536327295677  0.76140629291665395950162
0.99139378032776881433108  0.03390606402783288148006
0.66936246833704637904106  0.09268471327860347552807
0.47773674733726007035628  0.92519913327433089822449
0.57155064546647538215041  0.77718436231574450356874
0.89361247596667381376534  0.34199041718802453138082
0.11099581896420178395157  0.43949705496383556502238
0.11346781823175755565813  0.91537217322305974853691
0.13159581286049990000997  0.83745841853083891059839
0.49543748283333843840381  0.17685476241340372660638
0.72051149021881766287834  0.16318247016815698446912
0.60203863643299659891284  0.52146977141636396968494
0.94549394207586900940044  0.95617542039246805618546
0.08709982604449598153629  0.67171239356669820708134
0.08648945585497604116032  0.53315836054567089519196
0.02984710226752525577543  0.80065309610278634355751
0.89266640217291792769316  0.34266182439649645052882
0.49754325998718224033368  0.96871852778710287878994
